matrix:
  rows: 3
  cols: 3
  data: [2.5617237, 0.5603962, -2.0990992, -1.688604, 4.8374786, -1.9827083, -3.4917965, 1.989103, 2.6005979]
bias:
  rows: 3
  cols: 1
  data: [0.0, 0.0, 0.0]
