matrix:
  rows: 3
  cols: 3
  data: [2.3115318, 0.734697, -0.48951966, 0.5005979, 2.0767176, 0.19206326, -0.7479671, 1.0654756, 2.7121413]
bias:
  rows: 3
  cols: 1
  data: [-0.85340405, -0.8968172, -1.0375931]
